Running 3m test @ http://localhost:8080
  3 threads and 99 connections
  Thread calibration: mean lat.: 1.135ms, rate sampling interval: 10ms
  Thread calibration: mean lat.: 1.122ms, rate sampling interval: 10ms
  Thread calibration: mean lat.: 1.113ms, rate sampling interval: 10ms
  Thread Stats   Avg      Stdev     Max   +/- Stdev
    Latency     0.99ms    1.99ms  68.16ms   99.58%
    Req/Sec     3.15k   419.51    21.78k    96.52%
  Latency Distribution (HdrHistogram - Recorded Latency)
 50.000%    0.88ms
 75.000%    1.20ms
 90.000%    1.44ms
 99.000%    1.97ms
 99.900%   39.36ms
 99.990%   56.77ms
 99.999%   65.09ms
100.000%   68.22ms

  Detailed Percentile spectrum:
       Value   Percentile   TotalCount 1/(1-Percentile)

       0.060     0.000000            1         1.00
       0.322     0.100000       153026         1.11
       0.468     0.200000       305821         1.25
       0.608     0.300000       458578         1.43
       0.744     0.400000       612456         1.67
       0.875     0.500000       764520         2.00
       0.940     0.550000       840761         2.22
       1.005     0.600000       917312         2.50
       1.070     0.650000       994040         2.86
       1.135     0.700000      1070177         3.33
       1.202     0.750000      1146830         4.00
       1.237     0.775000      1185587         4.44
       1.272     0.800000      1223615         5.00
       1.309     0.825000      1261961         5.71
       1.348     0.850000      1300138         6.67
       1.391     0.875000      1337617         8.00
       1.416     0.887500      1357145         8.89
       1.443     0.900000      1375858        10.00
       1.474     0.912500      1394941        11.43
       1.510     0.925000      1414159        13.33
       1.552     0.937500      1433173        16.00
       1.576     0.943750      1442648        17.78
       1.604     0.950000      1452411        20.00
       1.635     0.956250      1461907        22.86
       1.670     0.962500      1471308        26.67
       1.712     0.968750      1480764        32.00
       1.737     0.971875      1485698        35.56
       1.764     0.975000      1490471        40.00
       1.794     0.978125      1495176        45.71
       1.828     0.981250      1499891        53.33
       1.869     0.984375      1504688        64.00
       1.892     0.985938      1507074        71.11
       1.917     0.987500      1509500        80.00
       1.945     0.989062      1511863        91.43
       1.979     0.990625      1514226       106.67
       2.025     0.992188      1516625       128.00
       2.057     0.992969      1517803       142.22
       2.099     0.993750      1518980       160.00
       2.159     0.994531      1520169       182.86
       2.291     0.995313      1521359       213.33
       5.323     0.996094      1522549       256.00
       9.823     0.996484      1523145       284.44
      14.239     0.996875      1523744       320.00
      18.575     0.997266      1524339       365.71
      23.007     0.997656      1524937       426.67
      27.519     0.998047      1525533       512.00
      29.759     0.998242      1525833       568.89
      32.255     0.998437      1526130       640.00
      34.463     0.998633      1526431       731.43
      36.959     0.998828      1526728       853.33
      39.551     0.999023      1527027      1024.00
      40.991     0.999121      1527180      1137.78
      42.399     0.999219      1527324      1280.00
      43.743     0.999316      1527475      1462.86
      45.119     0.999414      1527623      1706.67
      46.911     0.999512      1527774      2048.00
      47.839     0.999561      1527849      2275.56
      48.895     0.999609      1527923      2560.00
      49.887     0.999658      1527996      2925.71
      50.911     0.999707      1528071      3413.33
      51.999     0.999756      1528145      4096.00
      52.703     0.999780      1528183      4551.11
      53.375     0.999805      1528220      5120.00
      54.015     0.999829      1528260      5851.43
      54.559     0.999854      1528295      6826.67
      55.551     0.999878      1528332      8192.00
      56.351     0.999890      1528352      9102.22
      56.895     0.999902      1528370     10240.00
      57.535     0.999915      1528388     11702.86
      58.271     0.999927      1528409     13653.33
      59.071     0.999939      1528425     16384.00
      59.615     0.999945      1528435     18204.44
      60.287     0.999951      1528444     20480.00
      61.215     0.999957      1528453     23405.71
      61.663     0.999963      1528463     27306.67
      62.303     0.999969      1528472     32768.00
      62.495     0.999973      1528477     36408.89
      62.879     0.999976      1528481     40960.00
      63.519     0.999979      1528487     46811.43
      63.743     0.999982      1528491     54613.33
      64.127     0.999985      1528495     65536.00
      64.479     0.999986      1528498     72817.78
      64.799     0.999988      1528500     81920.00
      64.895     0.999989      1528502     93622.86
      65.407     0.999991      1528505    109226.67
      65.727     0.999992      1528507    131072.00
      65.855     0.999993      1528508    145635.56
      66.175     0.999994      1528509    163840.00
      66.367     0.999995      1528510    187245.71
      66.815     0.999995      1528512    218453.33
      66.879     0.999996      1528513    262144.00
      66.879     0.999997      1528513    291271.11
      67.007     0.999997      1528514    327680.00
      67.007     0.999997      1528514    374491.43
      67.263     0.999998      1528515    436906.67
      67.391     0.999998      1528516    524288.00
      67.391     0.999998      1528516    582542.22
      67.391     0.999998      1528516    655360.00
      67.391     0.999999      1528516    748982.86
      67.455     0.999999      1528517    873813.33
      67.455     0.999999      1528517   1048576.00
      67.455     0.999999      1528517   1165084.44
      67.455     0.999999      1528517   1310720.00
      67.455     0.999999      1528517   1497965.71
      68.223     0.999999      1528518   1747626.67
      68.223     1.000000      1528518          inf
#[Mean    =        0.992, StdDeviation   =        1.993]
#[Max     =       68.160, Total count    =      1528518]
#[Buckets =           27, SubBuckets     =         2048]
----------------------------------------------------------
  1619318 requests in 3.00m, 182.23MB read
Requests/sec:   8996.19
Transfer/sec:      1.01MB
