Running 3m test @ http://localhost:8080
  3 threads and 99 connections
  Thread calibration: mean lat.: 0.995ms, rate sampling interval: 10ms
  Thread calibration: mean lat.: 1.015ms, rate sampling interval: 10ms
  Thread calibration: mean lat.: 1.040ms, rate sampling interval: 10ms
  Thread Stats   Avg      Stdev     Max   +/- Stdev
    Latency     0.91ms    1.42ms  52.35ms   99.36%
    Req/Sec     3.19k   351.64    16.44k    92.07%
  Latency Distribution (HdrHistogram - Recorded Latency)
 50.000%  832.00us
 75.000%    1.14ms
 90.000%    1.37ms
 99.000%    2.00ms
 99.900%   25.98ms
 99.990%   44.70ms
 99.999%   50.88ms
100.000%   52.38ms

  Detailed Percentile spectrum:
       Value   Percentile   TotalCount 1/(1-Percentile)

       0.067     0.000000            1         1.00
       0.281     0.100000       153110         1.11
       0.430     0.200000       305740         1.25
       0.570     0.300000       458669         1.43
       0.704     0.400000       612422         1.67
       0.832     0.500000       764666         2.00
       0.892     0.550000       840788         2.22
       0.953     0.600000       918293         2.50
       1.016     0.650000       994674         2.86
       1.079     0.700000      1070736         3.33
       1.141     0.750000      1146505         4.00
       1.174     0.775000      1185224         4.44
       1.209     0.800000      1223775         5.00
       1.244     0.825000      1261415         5.71
       1.280     0.850000      1299939         6.67
       1.319     0.875000      1337475         8.00
       1.344     0.887500      1356948         8.89
       1.373     0.900000      1376017        10.00
       1.409     0.912500      1395244        11.43
       1.453     0.925000      1414216        13.33
       1.506     0.937500      1433186        16.00
       1.536     0.943750      1442710        17.78
       1.570     0.950000      1452330        20.00
       1.607     0.956250      1461643        22.86
       1.650     0.962500      1471394        26.67
       1.702     0.968750      1480806        32.00
       1.734     0.971875      1485638        35.56
       1.770     0.975000      1490407        40.00
       1.807     0.978125      1495195        45.71
       1.844     0.981250      1499884        53.33
       1.885     0.984375      1504715        64.00
       1.909     0.985938      1507074        71.11
       1.936     0.987500      1509439        80.00
       1.972     0.989062      1511820        91.43
       2.019     0.990625      1514210       106.67
       2.099     0.992188      1516606       128.00
       2.169     0.992969      1517771       142.22
       2.437     0.993750      1518968       160.00
       3.213     0.994531      1520157       182.86
       4.287     0.995313      1521351       213.33
       5.763     0.996094      1522546       256.00
       7.079     0.996484      1523143       284.44
       8.975     0.996875      1523740       320.00
      10.927     0.997266      1524337       365.71
      13.271     0.997656      1524934       426.67
      16.279     0.998047      1525532       512.00
      17.775     0.998242      1525830       568.89
      19.151     0.998437      1526127       640.00
      20.959     0.998633      1526426       731.43
      23.279     0.998828      1526724       853.33
      26.351     0.999023      1527024      1024.00
      27.775     0.999121      1527173      1137.78
      29.471     0.999219      1527325      1280.00
      31.199     0.999316      1527473      1462.86
      33.823     0.999414      1527621      1706.67
      35.839     0.999512      1527771      2048.00
      36.863     0.999561      1527845      2275.56
      37.919     0.999609      1527918      2560.00
      38.815     0.999658      1527993      2925.71
      39.679     0.999707      1528070      3413.33
      40.991     0.999756      1528142      4096.00
      41.535     0.999780      1528182      4551.11
      41.983     0.999805      1528217      5120.00
      42.783     0.999829      1528257      5851.43
      43.391     0.999854      1528293      6826.67
      43.967     0.999878      1528330      8192.00
      44.223     0.999890      1528348      9102.22
      44.735     0.999902      1528366     10240.00
      45.119     0.999915      1528385     11702.86
      45.791     0.999927      1528405     13653.33
      46.463     0.999939      1528422     16384.00
      47.039     0.999945      1528432     18204.44
      47.391     0.999951      1528441     20480.00
      47.679     0.999957      1528450     23405.71
      48.383     0.999963      1528461     27306.67
      48.607     0.999969      1528469     32768.00
      48.927     0.999973      1528474     36408.89
      49.183     0.999976      1528478     40960.00
      49.439     0.999979      1528483     46811.43
      49.983     0.999982      1528489     54613.33
      50.303     0.999985      1528492     65536.00
      50.559     0.999986      1528495     72817.78
      50.623     0.999988      1528497     81920.00
      50.847     0.999989      1528499     93622.86
      51.071     0.999991      1528503    109226.67
      51.295     0.999992      1528504    131072.00
      51.359     0.999993      1528505    145635.56
      51.455     0.999994      1528506    163840.00
      51.583     0.999995      1528507    187245.71
      51.807     0.999995      1528509    218453.33
      51.839     0.999996      1528510    262144.00
      51.839     0.999997      1528510    291271.11
      51.871     0.999997      1528511    327680.00
      51.871     0.999997      1528511    374491.43
      51.999     0.999998      1528512    436906.67
      52.063     0.999998      1528513    524288.00
      52.063     0.999998      1528513    582542.22
      52.063     0.999998      1528513    655360.00
      52.063     0.999999      1528513    748982.86
      52.127     0.999999      1528514    873813.33
      52.127     0.999999      1528514   1048576.00
      52.127     0.999999      1528514   1165084.44
      52.127     0.999999      1528514   1310720.00
      52.127     0.999999      1528514   1497965.71
      52.383     0.999999      1528515   1747626.67
      52.383     1.000000      1528515          inf
#[Mean    =        0.913, StdDeviation   =        1.420]
#[Max     =       52.352, Total count    =      1528515]
#[Buckets =           27, SubBuckets     =         2048]
----------------------------------------------------------
  1619318 requests in 3.00m, 183.77MB read
Requests/sec:   8996.20
Transfer/sec:      1.02MB
