Running 3m test @ http://localhost:8080
  3 threads and 99 connections
  Thread calibration: mean lat.: 1.838ms, rate sampling interval: 10ms
  Thread calibration: mean lat.: 1.854ms, rate sampling interval: 10ms
  Thread calibration: mean lat.: 1.795ms, rate sampling interval: 10ms
  Thread Stats   Avg      Stdev     Max   +/- Stdev
    Latency     1.39ms    1.34ms  33.79ms   95.85%
    Req/Sec     3.16k   338.11     8.50k    83.48%
  Latency Distribution (HdrHistogram - Recorded Latency)
 50.000%    1.21ms
 75.000%    1.66ms
 90.000%    2.10ms
 99.000%    5.61ms
 99.900%   19.20ms
 99.990%   27.07ms
 99.999%   32.80ms
100.000%   33.82ms

  Detailed Percentile spectrum:
       Value   Percentile   TotalCount 1/(1-Percentile)

       0.082     0.000000            3         1.00
       0.519     0.100000       153163         1.11
       0.714     0.200000       306423         1.25
       0.883     0.300000       458729         1.43
       1.046     0.400000       612075         1.67
       1.208     0.500000       764532         2.00
       1.292     0.550000       841257         2.22
       1.378     0.600000       917833         2.50
       1.466     0.650000       993748         2.86
       1.558     0.700000      1070483         3.33
       1.656     0.750000      1146774         4.00
       1.710     0.775000      1185022         4.44
       1.769     0.800000      1223369         5.00
       1.834     0.825000      1261144         5.71
       1.908     0.850000      1299650         6.67
       1.995     0.875000      1337812         8.00
       2.045     0.887500      1356577         8.89
       2.103     0.900000      1375909        10.00
       2.171     0.912500      1394937        11.43
       2.257     0.925000      1414197        13.33
       2.369     0.937500      1433108        16.00
       2.443     0.943750      1442555        17.78
       2.541     0.950000      1452138        20.00
       2.675     0.956250      1461750        22.86
       2.867     0.962500      1471248        26.67
       3.145     0.968750      1480751        32.00
       3.327     0.971875      1485554        35.56
       3.537     0.975000      1490309        40.00
       3.797     0.978125      1495090        45.71
       4.093     0.981250      1499853        53.33
       4.463     0.984375      1504639        64.00
       4.695     0.985938      1507051        71.11
       4.979     0.987500      1509406        80.00
       5.335     0.989062      1511796        91.43
       5.855     0.990625      1514186       106.67
       6.759     0.992188      1516575       128.00
       7.495     0.992969      1517765       142.22
       8.343     0.993750      1518968       160.00
       9.343     0.994531      1520156       182.86
      10.591     0.995313      1521353       213.33
      12.071     0.996094      1522542       256.00
      12.887     0.996484      1523143       284.44
      13.615     0.996875      1523738       320.00
      14.375     0.997266      1524337       365.71
      15.143     0.997656      1524931       426.67
      16.023     0.998047      1525530       512.00
      16.543     0.998242      1525835       568.89
      17.119     0.998437      1526125       640.00
      17.791     0.998633      1526430       731.43
      18.543     0.998828      1526725       853.33
      19.263     0.999023      1527020      1024.00
      19.647     0.999121      1527169      1137.78
      20.031     0.999219      1527325      1280.00
      20.479     0.999316      1527471      1462.86
      20.975     0.999414      1527618      1706.67
      21.711     0.999512      1527776      2048.00
      22.031     0.999561      1527841      2275.56
      22.543     0.999609      1527915      2560.00
      23.311     0.999658      1527990      2925.71
      23.919     0.999707      1528066      3413.33
      24.463     0.999756      1528140      4096.00
      24.751     0.999780      1528179      4551.11
      25.023     0.999805      1528214      5120.00
      25.279     0.999829      1528255      5851.43
      25.679     0.999854      1528289      6826.67
      26.351     0.999878      1528326      8192.00
      26.799     0.999890      1528347      9102.22
      27.199     0.999902      1528365     10240.00
      27.535     0.999915      1528386     11702.86
      28.079     0.999927      1528401     13653.33
      28.255     0.999939      1528419     16384.00
      28.511     0.999945      1528431     18204.44
      28.767     0.999951      1528439     20480.00
      28.879     0.999957      1528448     23405.71
      29.055     0.999963      1528457     27306.67
      29.343     0.999969      1528466     32768.00
      29.487     0.999973      1528472     36408.89
      29.711     0.999976      1528475     40960.00
      29.855     0.999979      1528480     46811.43
      31.903     0.999982      1528485     54613.33
      32.255     0.999985      1528490     65536.00
      32.527     0.999986      1528493     72817.78
      32.575     0.999988      1528494     81920.00
      32.703     0.999989      1528496     93622.86
      32.831     0.999991      1528499    109226.67
      32.959     0.999992      1528501    131072.00
      33.023     0.999993      1528503    145635.56
      33.023     0.999994      1528503    163840.00
      33.055     0.999995      1528505    187245.71
      33.087     0.999995      1528506    218453.33
      33.183     0.999996      1528507    262144.00
      33.183     0.999997      1528507    291271.11
      33.247     0.999997      1528509    327680.00
      33.247     0.999997      1528509    374491.43
      33.247     0.999998      1528509    436906.67
      33.343     0.999998      1528510    524288.00
      33.343     0.999998      1528510    582542.22
      33.343     0.999998      1528510    655360.00
      33.343     0.999999      1528510    748982.86
      33.471     0.999999      1528511    873813.33
      33.471     0.999999      1528511   1048576.00
      33.471     0.999999      1528511   1165084.44
      33.471     0.999999      1528511   1310720.00
      33.471     0.999999      1528511   1497965.71
      33.823     0.999999      1528512   1747626.67
      33.823     1.000000      1528512          inf
#[Mean    =        1.389, StdDeviation   =        1.342]
#[Max     =       33.792, Total count    =      1528512]
#[Buckets =           27, SubBuckets     =         2048]
----------------------------------------------------------
  1619309 requests in 3.00m, 155.97MB read
Requests/sec:   8996.15
Transfer/sec:      0.87MB
