Running 3m test @ http://localhost:8080
  3 threads and 99 connections
  Thread calibration: mean lat.: 1.381ms, rate sampling interval: 10ms
  Thread calibration: mean lat.: 1.404ms, rate sampling interval: 10ms
  Thread calibration: mean lat.: 1.423ms, rate sampling interval: 10ms
  Thread Stats   Avg      Stdev     Max   +/- Stdev
    Latency     1.38ms  836.09us  16.96ms   76.64%
    Req/Sec     3.16k   311.03     7.55k    79.10%
  Latency Distribution (HdrHistogram - Recorded Latency)
 50.000%    1.23ms
 75.000%    1.74ms
 90.000%    2.38ms
 99.000%    4.14ms
 99.900%    7.02ms
 99.990%   12.00ms
 99.999%   15.02ms
100.000%   16.98ms

  Detailed Percentile spectrum:
       Value   Percentile   TotalCount 1/(1-Percentile)

       0.094     0.000000            1         1.00
       0.521     0.100000       153274         1.11
       0.717     0.200000       305711         1.25
       0.894     0.300000       459216         1.43
       1.062     0.400000       611833         1.67
       1.231     0.500000       764415         2.00
       1.320     0.550000       841200         2.22
       1.413     0.600000       917355         2.50
       1.510     0.650000       993549         2.86
       1.616     0.700000      1070642         3.33
       1.736     0.750000      1146405         4.00
       1.806     0.775000      1184738         4.44
       1.882     0.800000      1223019         5.00
       1.969     0.825000      1261060         5.71
       2.075     0.850000      1299531         6.67
       2.205     0.875000      1337920         8.00
       2.283     0.887500      1356751         8.89
       2.375     0.900000      1375704        10.00
       2.485     0.912500      1394885        11.43
       2.613     0.925000      1414062        13.33
       2.765     0.937500      1433052        16.00
       2.851     0.943750      1442540        17.78
       2.945     0.950000      1452196        20.00
       3.047     0.956250      1461692        22.86
       3.161     0.962500      1471283        26.67
       3.293     0.968750      1480856        32.00
       3.369     0.971875      1485622        35.56
       3.453     0.975000      1490353        40.00
       3.549     0.978125      1495124        45.71
       3.657     0.981250      1499927        53.33
       3.791     0.984375      1504649        64.00
       3.871     0.985938      1507042        71.11
       3.961     0.987500      1509426        80.00
       4.069     0.989062      1511837        91.43
       4.187     0.990625      1514266       106.67
       4.331     0.992188      1516587       128.00
       4.419     0.992969      1517785       142.22
       4.515     0.993750      1518994       160.00
       4.623     0.994531      1520155       182.86
       4.759     0.995313      1521374       213.33
       4.919     0.996094      1522550       256.00
       5.015     0.996484      1523141       284.44
       5.127     0.996875      1523743       320.00
       5.275     0.997266      1524346       365.71
       5.435     0.997656      1524942       426.67
       5.643     0.998047      1525535       512.00
       5.799     0.998242      1525833       568.89
       5.987     0.998437      1526127       640.00
       6.243     0.998633      1526426       731.43
       6.631     0.998828      1526724       853.33
       7.071     0.999023      1527023      1024.00
       7.379     0.999121      1527173      1137.78
       7.647     0.999219      1527320      1280.00
       8.035     0.999316      1527471      1462.86
       8.399     0.999414      1527619      1706.67
       8.799     0.999512      1527768      2048.00
       9.055     0.999561      1527843      2275.56
       9.295     0.999609      1527921      2560.00
       9.551     0.999658      1527993      2925.71
       9.863     0.999707      1528068      3413.33
      10.319     0.999756      1528141      4096.00
      10.455     0.999780      1528182      4551.11
      10.639     0.999805      1528218      5120.00
      10.871     0.999829      1528254      5851.43
      11.319     0.999854      1528291      6826.67
      11.647     0.999878      1528328      8192.00
      11.807     0.999890      1528347      9102.22
      12.071     0.999902      1528365     10240.00
      12.399     0.999915      1528384     11702.86
      12.775     0.999927      1528405     13653.33
      12.951     0.999939      1528421     16384.00
      13.111     0.999945      1528431     18204.44
      13.391     0.999951      1528440     20480.00
      13.607     0.999957      1528449     23405.71
      13.871     0.999963      1528460     27306.67
      14.159     0.999969      1528470     32768.00
      14.231     0.999973      1528473     36408.89
      14.303     0.999976      1528477     40960.00
      14.431     0.999979      1528482     46811.43
      14.831     0.999982      1528487     54613.33
      14.927     0.999985      1528491     65536.00
      14.951     0.999986      1528494     72817.78
      14.967     0.999988      1528496     81920.00
      14.991     0.999989      1528498     93622.86
      15.079     0.999991      1528501    109226.67
      15.327     0.999992      1528503    131072.00
      15.375     0.999993      1528504    145635.56
      15.407     0.999994      1528505    163840.00
      15.519     0.999995      1528506    187245.71
      15.591     0.999995      1528508    218453.33
      15.647     0.999996      1528509    262144.00
      15.647     0.999997      1528509    291271.11
      15.847     0.999997      1528510    327680.00
      15.847     0.999997      1528510    374491.43
      15.943     0.999998      1528511    436906.67
      15.983     0.999998      1528512    524288.00
      15.983     0.999998      1528512    582542.22
      15.983     0.999998      1528512    655360.00
      15.983     0.999999      1528512    748982.86
      16.095     0.999999      1528513    873813.33
      16.095     0.999999      1528513   1048576.00
      16.095     0.999999      1528513   1165084.44
      16.095     0.999999      1528513   1310720.00
      16.095     0.999999      1528513   1497965.71
      16.975     0.999999      1528514   1747626.67
      16.975     1.000000      1528514          inf
#[Mean    =        1.380, StdDeviation   =        0.836]
#[Max     =       16.960, Total count    =      1528514]
#[Buckets =           27, SubBuckets     =         2048]
----------------------------------------------------------
  1619313 requests in 3.00m, 61.77MB read
Requests/sec:   8996.21
Transfer/sec:    351.41KB
