Running 3m test @ http://localhost:8080
  3 threads and 99 connections
  Thread calibration: mean lat.: 1.281ms, rate sampling interval: 10ms
  Thread calibration: mean lat.: 1.266ms, rate sampling interval: 10ms
  Thread calibration: mean lat.: 1.284ms, rate sampling interval: 10ms
  Thread Stats   Avg      Stdev     Max   +/- Stdev
    Latency     1.27ms  643.26us  17.60ms   71.02%
    Req/Sec     3.16k   257.46     6.22k    70.64%
  Latency Distribution (HdrHistogram - Recorded Latency)
 50.000%    1.20ms
 75.000%    1.64ms
 90.000%    2.06ms
 99.000%    3.05ms
 99.900%    5.33ms
 99.990%    9.67ms
 99.999%   12.96ms
100.000%   17.61ms

  Detailed Percentile spectrum:
       Value   Percentile   TotalCount 1/(1-Percentile)

       0.114     0.000000            1         1.00
       0.521     0.100000       153231         1.11
       0.717     0.200000       306519         1.25
       0.883     0.300000       459188         1.43
       1.040     0.400000       611498         1.67
       1.197     0.500000       764759         2.00
       1.276     0.550000       841217         2.22
       1.360     0.600000       917557         2.50
       1.449     0.650000       994255         2.86
       1.542     0.700000      1070120         3.33
       1.642     0.750000      1146808         4.00
       1.696     0.775000      1184996         4.44
       1.753     0.800000      1222832         5.00
       1.816     0.825000      1261076         5.71
       1.884     0.850000      1299477         6.67
       1.960     0.875000      1337447         8.00
       2.005     0.887500      1356760         8.89
       2.055     0.900000      1376400        10.00
       2.107     0.912500      1395082        11.43
       2.167     0.925000      1414480        13.33
       2.235     0.937500      1433226        16.00
       2.277     0.943750      1442892        17.78
       2.323     0.950000      1452406        20.00
       2.377     0.956250      1461776        22.86
       2.441     0.962500      1471453        26.67
       2.515     0.968750      1480864        32.00
       2.561     0.971875      1485657        35.56
       2.611     0.975000      1490306        40.00
       2.673     0.978125      1495189        45.71
       2.743     0.981250      1499880        53.33
       2.831     0.984375      1504637        64.00
       2.881     0.985938      1507028        71.11
       2.937     0.987500      1509411        80.00
       3.005     0.989062      1511808        91.43
       3.087     0.990625      1514195       106.67
       3.185     0.992188      1516597       128.00
       3.243     0.992969      1517782       142.22
       3.315     0.993750      1518968       160.00
       3.401     0.994531      1520172       182.86
       3.503     0.995313      1521346       213.33
       3.641     0.996094      1522541       256.00
       3.725     0.996484      1523138       284.44
       3.827     0.996875      1523737       320.00
       3.951     0.997266      1524333       365.71
       4.111     0.997656      1524936       426.67
       4.311     0.998047      1525525       512.00
       4.463     0.998242      1525830       568.89
       4.599     0.998437      1526121       640.00
       4.815     0.998633      1526419       731.43
       5.063     0.998828      1526719       853.33
       5.379     0.999023      1527018      1024.00
       5.567     0.999121      1527166      1137.78
       5.783     0.999219      1527314      1280.00
       6.023     0.999316      1527463      1462.86
       6.307     0.999414      1527612      1706.67
       6.695     0.999512      1527761      2048.00
       6.907     0.999561      1527837      2275.56
       7.203     0.999609      1527911      2560.00
       7.503     0.999658      1527986      2925.71
       7.815     0.999707      1528060      3413.33
       8.139     0.999756      1528134      4096.00
       8.287     0.999780      1528172      4551.11
       8.535     0.999805      1528209      5120.00
       8.783     0.999829      1528246      5851.43
       9.135     0.999854      1528285      6826.67
       9.399     0.999878      1528321      8192.00
       9.551     0.999890      1528340      9102.22
       9.695     0.999902      1528358     10240.00
       9.927     0.999915      1528378     11702.86
      10.295     0.999927      1528396     13653.33
      10.463     0.999939      1528414     16384.00
      10.583     0.999945      1528424     18204.44
      10.759     0.999951      1528433     20480.00
      10.935     0.999957      1528442     23405.71
      11.223     0.999963      1528452     27306.67
      11.511     0.999969      1528461     32768.00
      11.559     0.999973      1528466     36408.89
      11.631     0.999976      1528470     40960.00
      11.903     0.999979      1528475     46811.43
      12.039     0.999982      1528480     54613.33
      12.215     0.999985      1528484     65536.00
      12.591     0.999986      1528487     72817.78
      12.855     0.999988      1528489     81920.00
      12.959     0.999989      1528492     93622.86
      13.159     0.999991      1528494    109226.67
      13.319     0.999992      1528496    131072.00
      13.511     0.999993      1528497    145635.56
      13.551     0.999994      1528498    163840.00
      13.687     0.999995      1528499    187245.71
      14.551     0.999995      1528501    218453.33
      14.879     0.999996      1528502    262144.00
      14.879     0.999997      1528502    291271.11
      15.415     0.999997      1528503    327680.00
      15.415     0.999997      1528503    374491.43
      16.271     0.999998      1528504    436906.67
      16.831     0.999998      1528505    524288.00
      16.831     0.999998      1528505    582542.22
      16.831     0.999998      1528505    655360.00
      16.831     0.999999      1528505    748982.86
      16.863     0.999999      1528506    873813.33
      16.863     0.999999      1528506   1048576.00
      16.863     0.999999      1528506   1165084.44
      16.863     0.999999      1528506   1310720.00
      16.863     0.999999      1528506   1497965.71
      17.615     0.999999      1528507   1747626.67
      17.615     1.000000      1528507          inf
#[Mean    =        1.266, StdDeviation   =        0.643]
#[Max     =       17.600, Total count    =      1528507]
#[Buckets =           27, SubBuckets     =         2048]
----------------------------------------------------------
  1619310 requests in 3.00m, 101.92MB read
Requests/sec:   8996.15
Transfer/sec:    579.83KB
